0 144 0 100;
0 144 36 100;
0 144 50 94;
0 144 70 100;
125 128 0 64;
125 128 36 64;
1000 128 50 64;
2000 128 70 64;
2000 144 70 100;
4000 128 70 64;
4000 144 70 100;
5687 144 0 100;
6000 128 70 64;
6000 144 69 100;
6687 128 0 64;
7625 144 36 100;
7734 144 1 100;
8000 128 69 64;
8000 144 69 100;
8625 128 36 64;
8734 128 1 64;
10000 128 69 64;
10000 144 69 100;
12000 128 69 64;
12000 144 69 100;
13822 144 2 101;
14000 128 69 64;
14000 144 68 100;
14875 128 2 64;
15822 144 1 100;
16000 128 68 64;
16000 144 70 100;
16822 128 1 64;
17687 144 37 100;
18000 128 70 64;
18000 144 70 100;
18687 128 37 64;
19822 144 4 100;
20000 128 70 64;
20000 144 70 100;
20822 128 4 64;
21776 144 36 100;
22000 128 70 64;
22000 144 70 100;
22776 128 36 64;
23625 144 51 100;
23776 144 5 100;
24000 128 70 64;
24000 144 74 100;
24625 128 51 64;
24776 128 5 64;
26000 128 74 64;
26000 144 74 100;
27614 144 37 100;
27776 144 53 100;
28000 128 74 64;
28000 144 74 100;
28614 128 37 64;
28776 128 53 64;
29557 144 36 100;
30000 128 74 64;
30000 144 74 100;
30557 128 36 64;
32000 128 74 64;
