0 144 0 100;
0 144 36 100;
0 144 50 100;
0 144 70 100;
125 128 0 64;
125 128 36 64;
125 128 50 64;
2000 128 70 64;
2000 144 68 100;
3875 144 36 100;
4000 128 36 64;
4000 128 68 64;
4000 144 71 100;
6000 128 71 64;
6000 144 72 100;
8000 128 72 64;
8000 144 68 100;
9875 144 38 100;
10000 128 38 64;
10000 128 68 64;
10000 144 69 100;
11875 144 36 100;
12000 128 36 64;
12000 128 69 64;
12000 144 69 100;
14000 128 69 64;
14000 144 68 100;
16000 128 68 64;
16000 144 70 100;
17875 144 39 100;
18000 128 39 64;
18000 128 70 64;
18000 144 70 100;
19875 144 36 100;
20000 128 36 64;
20000 128 70 64;
20000 144 71 100;
22000 128 71 64;
22000 144 72 100;
23000 144 2 100;
23875 144 39 100;
24000 128 2 64;
24000 128 39 64;
24000 128 72 64;
24000 144 72 100;
25776 144 1 97;
25875 144 36 100;
26000 128 36 64;
26000 128 72 64;
26000 144 72 100;
26776 128 1 64;
27609 144 53 97;
27723 144 1 97;
28000 128 53 64;
28000 128 72 64;
28000 144 76 100;
28723 128 1 64;
29567 144 48 97;
30000 128 48 64;
30000 128 76 64;
30000 144 77 100;
32000 128 77 64;
