0 144 5 100;
0 144 36 100;
0 144 49 94;
0 144 71 94;
125 128 5 64;
125 128 36 64;
1000 128 49 64;
1734 144 7 94;
2000 128 71 64;
2000 144 71 94;
2734 128 7 64;
4000 128 71 64;
4000 144 72 94;
6000 128 72 64;
6000 144 70 94;
8000 128 70 64;
8000 144 70 94;
10000 128 70 64;
10000 144 70 94;
11526 144 50 94;
12000 128 70 64;
12000 144 71 94;
12526 128 50 64;
14000 128 71 64;
14000 144 69 94;
16000 128 69 64;
16000 144 74 94;
18000 128 74 64;
18000 144 74 94;
20000 128 74 64;
20000 144 72 94;
22000 128 72 64;
22000 144 70 94;
23479 144 49 94;
23875 144 36 100;
24000 128 36 64;
24000 128 70 64;
24000 144 70 94;
24479 128 49 64;
25635 144 37 94;
26000 128 70 64;
26000 144 71 94;
26635 128 37 64;
27000 144 53 94;
27567 144 38 97;
27614 144 2 94;
28000 128 53 64;
28000 128 71 64;
28000 144 75 94;
28322 128 2 64;
28567 128 38 64;
29526 144 49 94;
29645 144 36 94;
29734 144 6 94;
30000 128 75 64;
30000 144 77 94;
30526 128 49 64;
30645 128 36 64;
30734 128 6 64;
31822 128 77 64;
