0 144 4 100;
0 144 36 100;
0 144 53 94;
0 144 72 100;
125 128 4 64;
125 128 36 64;
1000 128 53 64;
2000 128 72 64;
2000 144 72 100;
4000 128 72 64;
4000 144 72 100;
6000 128 72 64;
6000 144 72 100;
7776 144 50 100;
8000 128 72 64;
8000 144 72 100;
8776 128 50 64;
10000 128 72 64;
10000 144 72 100;
12000 128 72 64;
12000 144 72 100;
13822 144 2 101;
14000 128 72 64;
14000 144 72 100;
14875 128 2 64;
15822 144 1 100;
16000 128 72 64;
16000 144 69 100;
16822 128 1 64;
18000 128 69 64;
18000 144 69 100;
19822 144 4 100;
20000 128 69 64;
20000 144 69 100;
20822 128 4 64;
22000 128 69 64;
22000 144 69 100;
23677 144 53 100;
23776 144 2 100;
24000 128 69 64;
24000 144 71 100;
24677 128 53 64;
24776 128 2 64;
26000 128 71 64;
26000 144 71 100;
27614 144 5 100;
27645 144 37 100;
28000 128 71 64;
28000 144 72 100;
28614 128 5 64;
28645 128 37 64;
29734 144 36 100;
30000 128 72 64;
30000 144 71 100;
30734 128 36 64;
32000 128 71 64;
