0 144 6 100;
0 144 36 100;
0 144 50 94;
0 144 71 100;
125 128 6 64;
125 128 36 64;
1000 128 50 64;
1822 144 0 100;
1947 128 0 64;
2000 128 71 64;
2000 144 70 100;
3776 144 7 100;
3901 128 7 64;
4000 128 70 64;
4000 144 69 100;
6000 128 69 64;
6000 144 70 100;
7864 144 6 100;
7989 128 6 64;
8000 128 70 64;
8000 144 71 100;
9687 144 0 100;
9812 128 0 64;
10000 128 71 64;
10000 144 70 100;
11645 144 7 100;
11770 128 7 64;
12000 128 70 64;
12000 144 69 100;
14000 128 69 64;
14000 144 70 100;
15770 144 6 100;
15895 128 6 64;
16000 128 70 64;
16000 144 68 100;
17593 144 0 100;
17718 128 0 64;
18000 128 68 64;
18000 144 68 100;
19552 144 7 100;
19677 128 7 64;
20000 128 68 64;
20000 144 68 100;
22000 128 68 64;
22000 144 67 100;
23677 144 6 100;
23802 128 6 64;
24000 128 67 64;
24000 144 68 100;
25500 144 0 100;
25625 128 0 64;
26000 128 68 64;
26000 144 68 100;
27453 144 7 100;
27578 128 7 64;
28000 128 68 64;
28000 144 68 100;
29479 144 6 49;
30000 128 68 64;
30000 144 67 100;
30479 128 6 64;
32000 128 67 64;
