0 144 4 100;
0 144 36 100;
0 144 50 100;
0 144 75 97;
125 128 4 64;
125 128 36 64;
125 128 50 64;
2000 128 75 64;
2000 144 75 97;
3000 144 3 97;
4000 128 3 64;
4000 128 75 64;
4000 144 71 97;
6000 128 71 64;
6000 144 71 97;
8000 128 71 64;
8000 144 74 97;
9875 144 38 100;
10000 128 38 64;
10000 128 74 64;
10000 144 74 97;
11875 144 36 100;
12000 128 36 64;
12000 128 74 64;
12000 144 72 97;
14000 128 72 64;
14000 144 72 97;
16000 128 72 64;
16000 144 75 97;
18000 128 75 64;
18000 144 75 97;
19656 144 1 97;
19875 144 36 100;
20000 128 36 64;
20000 128 75 64;
20000 144 72 97;
20656 128 1 64;
21604 144 4 97;
22000 128 72 64;
22000 144 72 97;
22604 128 4 64;
23520 144 5 100;
24000 128 72 64;
24000 144 74 97;
24520 128 5 64;
25776 144 4 97;
25875 144 36 100;
26000 128 36 64;
26000 128 74 64;
26000 144 76 97;
26776 128 4 64;
27609 144 53 97;
27723 144 2 97;
28000 128 53 64;
28000 128 76 64;
28000 144 76 97;
28723 128 2 64;
29567 144 39 97;
29567 144 50 97;
29609 144 1 97;
30000 128 50 64;
30000 128 76 64;
30000 144 77 97;
30567 128 39 64;
30609 128 1 64;
32000 128 77 64;
