0 144 2 100;
0 144 36 100;
0 144 49 100;
0 144 68 94;
125 128 2 64;
125 128 36 64;
125 128 49 64;
2000 128 68 64;
2000 144 68 94;
4000 128 68 64;
4000 144 69 94;
6000 128 69 64;
6000 144 69 94;
8000 128 69 64;
8000 144 70 94;
10000 128 70 64;
10000 144 70 94;
11875 144 36 100;
12000 128 36 64;
12000 128 70 64;
12000 144 67 94;
14000 128 67 64;
14000 144 66 94;
16000 128 66 64;
16000 144 68 94;
18000 128 68 64;
18000 144 68 94;
19875 144 36 100;
20000 128 36 64;
20000 128 68 64;
20000 144 71 94;
22000 128 71 64;
22000 144 71 94;
24000 128 71 64;
24000 144 72 94;
25875 144 36 100;
26000 128 36 64;
26000 128 72 64;
26000 144 72 94;
27635 144 37 94;
28000 128 72 64;
28000 144 73 94;
28635 128 37 64;
29567 144 38 97;
30000 128 73 64;
30000 144 73 94;
30567 128 38 64;
32000 128 73 64;
