0 144 2 100;
0 144 36 100;
0 144 53 94;
0 144 67 100;
125 128 2 64;
125 128 36 64;
1000 128 53 64;
2000 128 67 64;
2000 144 67 100;
4000 128 67 64;
4000 144 70 100;
6000 128 70 64;
6000 144 70 100;
7703 144 9 100;
8000 128 70 64;
8000 144 72 100;
8703 128 9 64;
10000 128 72 64;
10000 144 72 100;
12000 128 72 64;
12000 144 73 100;
14000 128 73 64;
14000 144 73 100;
15776 144 2 100;
16000 128 73 64;
16000 144 65 100;
16776 128 2 64;
18000 128 65 64;
18000 144 65 100;
20000 128 65 64;
20000 144 67 100;
21776 144 7 100;
22000 128 67 64;
22000 144 67 100;
22776 128 7 64;
23822 144 2 101;
23822 144 50 100;
24000 128 67 64;
24000 144 72 100;
24822 128 50 64;
24875 128 2 64;
25822 144 1 100;
26000 128 72 64;
26000 144 72 100;
26822 128 1 64;
27645 144 37 100;
28000 128 72 64;
28000 144 73 100;
28645 128 37 64;
29614 144 53 100;
29734 144 2 100;
29864 144 36 100;
30000 128 73 64;
30000 144 73 100;
30614 128 53 64;
30734 128 2 64;
30864 128 36 64;
32000 128 73 64;
