0 144 0 100;
0 144 36 100;
0 144 53 94;
0 144 70 94;
125 128 0 64;
125 128 36 64;
1000 128 53 64;
2000 128 70 64;
2000 144 69 94;
4000 128 69 64;
4000 144 72 94;
6000 128 72 64;
6000 144 76 94;
8000 128 76 64;
8000 144 70 94;
9864 144 9 50;
10000 128 70 64;
10000 144 70 94;
10864 128 9 64;
12000 128 70 64;
12000 144 73 94;
14000 128 73 64;
14000 144 76 94;
15911 144 0 100;
16000 128 76 64;
16000 144 74 94;
16036 128 0 64;
18000 128 74 64;
18000 144 72 94;
20000 128 72 64;
20000 144 75 94;
22000 128 75 64;
22000 144 76 94;
23875 144 36 100;
24000 128 36 64;
24000 128 76 64;
24000 144 77 94;
25635 144 37 94;
25776 144 9 50;
26000 128 77 64;
26000 144 74 94;
26635 128 37 64;
26776 128 9 64;
27567 144 38 97;
28000 128 74 64;
28000 144 73 94;
28567 128 38 64;
29645 144 36 94;
30000 128 73 64;
30000 144 69 94;
30645 128 36 64;
32000 128 69 64;
