0 144 0 100;
0 144 36 100;
0 144 50 94;
0 144 68 100;
125 128 0 64;
125 128 36 64;
1000 128 50 64;
2000 128 68 64;
2000 144 68 100;
3687 144 38 100;
4000 128 68 64;
4000 144 69 100;
4687 128 38 64;
6000 128 69 64;
6000 144 67 100;
7625 144 36 100;
7734 144 1 100;
8000 128 67 64;
8000 144 69 100;
8625 128 36 64;
8734 128 1 64;
10000 128 69 64;
10000 144 69 100;
12000 128 69 64;
12000 144 70 100;
14000 128 70 64;
14000 144 68 100;
15822 144 2 100;
16000 128 68 64;
16000 144 70 100;
16822 128 2 64;
17687 144 37 100;
18000 128 70 64;
18000 144 70 100;
18687 128 37 64;
20000 128 70 64;
20000 144 71 100;
21776 144 38 100;
21776 144 53 100;
22000 128 71 64;
22000 144 69 100;
22776 128 38 64;
22776 128 53 64;
23760 144 36 100;
23776 144 1 100;
24000 128 69 64;
24000 144 71 100;
24760 128 36 64;
24776 128 1 64;
26000 128 71 64;
26000 144 71 100;
27625 144 50 100;
28000 128 71 64;
28000 144 72 100;
28625 128 50 64;
29557 144 38 100;
29734 144 0 100;
29776 144 53 100;
30000 128 72 64;
30000 144 75 100;
30557 128 38 64;
30734 128 0 64;
30776 128 53 64;
32000 128 75 64;
