0 144 2 100;
0 144 36 100;
0 144 53 94;
0 144 70 100;
125 128 2 64;
125 128 36 64;
1000 128 53 64;
2000 128 70 64;
2000 144 70 100;
4000 128 70 64;
4000 144 69 100;
6000 128 69 64;
6000 144 69 100;
7703 144 9 100;
8000 128 69 64;
8000 144 71 100;
8703 128 9 64;
10000 128 71 64;
10000 144 71 100;
12000 128 71 64;
12000 144 70 100;
14000 128 70 64;
14000 144 70 100;
15776 144 2 100;
16000 128 70 64;
16000 144 68 100;
16776 128 2 64;
18000 128 68 64;
18000 144 68 100;
20000 128 68 64;
20000 144 70 100;
21776 144 7 100;
22000 128 70 64;
22000 144 70 100;
22776 128 7 64;
23822 144 2 101;
24000 128 70 64;
24000 144 72 100;
24875 128 2 64;
25822 144 1 100;
26000 128 72 64;
26000 144 72 100;
26822 128 1 64;
27822 144 51 100;
28000 128 72 64;
28000 144 72 100;
28822 128 51 64;
29614 144 53 100;
29734 144 8 100;
30000 128 72 64;
30000 144 74 100;
30614 128 53 64;
30734 128 8 64;
32000 128 74 64;
