0 144 8 100;
0 144 36 100;
0 144 51 94;
0 144 74 94;
125 128 8 64;
125 128 36 64;
1000 128 51 64;
1822 144 5 100;
1947 128 5 64;
2000 128 74 64;
2000 144 74 94;
3776 144 4 100;
3901 128 4 64;
4000 128 74 64;
4000 144 74 94;
6000 128 74 64;
6000 144 72 94;
7864 144 8 100;
7989 128 8 64;
8000 128 72 64;
8000 144 73 94;
9687 144 5 100;
9812 128 5 64;
10000 128 73 64;
10000 144 73 94;
11645 144 4 100;
11770 128 4 64;
12000 128 73 64;
12000 144 75 94;
14000 128 75 64;
14000 144 76 94;
15770 144 8 100;
15895 128 8 64;
16000 128 76 64;
16000 144 75 94;
17593 144 5 100;
17718 128 5 64;
18000 128 75 64;
18000 144 75 94;
19552 144 4 100;
19677 128 4 64;
20000 128 75 64;
20000 144 76 94;
22000 128 76 64;
22000 144 75 94;
23677 144 8 100;
23802 128 8 64;
24000 128 75 64;
24000 144 78 94;
25500 144 5 100;
25625 128 5 64;
26000 128 78 64;
26000 144 78 94;
27453 144 4 100;
27578 128 4 64;
28000 128 78 64;
28000 144 76 94;
29479 144 8 49;
30000 128 76 64;
30000 144 75 94;
30479 128 8 64;
32000 128 75 64;
