0 144 6 100;
0 144 36 100;
0 144 53 94;
0 144 72 94;
125 128 6 64;
125 128 36 64;
1000 128 53 64;
2000 128 72 64;
2000 144 72 94;
4000 128 72 64;
4000 144 72 94;
6000 128 72 64;
6000 144 72 94;
8000 128 72 64;
8000 144 74 94;
10000 128 74 64;
10000 144 74 94;
12000 128 74 64;
12000 144 74 94;
14000 128 74 64;
14000 144 74 94;
16000 128 74 64;
16000 144 72 94;
18000 128 72 64;
18000 144 72 94;
20000 128 72 64;
20000 144 72 94;
22000 128 72 64;
22000 144 72 94;
24000 128 72 64;
24000 144 74 94;
26000 128 74 64;
26000 144 74 94;
28000 128 74 64;
28000 144 75 94;
30000 128 75 64;
30000 144 73 94;
32000 128 73 64;
