0 144 0 100;
0 144 36 100;
0 144 50 100;
0 144 72 100;
125 128 0 64;
125 128 36 64;
125 128 50 64;
1000 144 3 100;
1875 144 37 100;
2000 128 3 64;
2000 128 37 64;
2000 128 72 64;
2000 144 72 100;
3875 144 36 100;
4000 128 36 64;
4000 128 72 64;
4000 144 75 100;
5000 144 5 100;
6000 128 5 64;
6000 128 75 64;
6000 144 72 100;
8000 128 72 64;
8000 144 72 100;
9875 144 38 100;
10000 128 38 64;
10000 128 72 64;
10000 144 69 100;
11875 144 36 100;
12000 128 36 64;
12000 128 69 64;
12000 144 5 100;
12000 144 69 100;
13000 128 5 64;
14000 128 69 64;
14000 144 74 100;
15000 144 3 100;
16000 128 3 64;
16000 128 74 64;
16000 144 75 100;
17875 144 39 100;
18000 128 39 64;
18000 128 75 64;
18000 144 75 100;
19875 144 36 100;
20000 128 36 64;
20000 128 75 64;
20000 144 78 100;
21000 144 5 100;
22000 128 5 64;
22000 128 78 64;
22000 144 72 100;
23875 144 39 100;
24000 128 39 64;
24000 128 72 64;
24000 144 73 100;
25875 144 38 100;
26000 128 38 64;
26000 128 73 64;
26000 144 74 100;
27000 144 6 100;
27875 144 36 100;
28000 128 6 64;
28000 128 36 64;
28000 128 74 64;
28000 144 69 100;
29567 144 3 100;
29776 144 40 100;
30000 128 69 64;
30000 144 77 100;
30062 128 40 64;
30567 128 3 64;
32000 128 77 64;
