0 144 0 100;
0 144 36 100;
0 144 50 100;
0 144 68 100;
125 128 0 64;
125 128 36 64;
125 128 50 64;
2000 128 68 64;
2000 144 68 100;
3875 144 37 100;
4000 128 37 64;
4000 128 68 64;
4000 144 68 100;
5875 144 36 100;
6000 128 36 64;
6000 128 68 64;
6000 144 70 100;
7000 144 4 100;
8000 128 4 64;
8000 128 70 64;
8000 144 67 100;
10000 128 67 64;
10000 144 67 100;
11875 144 38 100;
12000 128 38 64;
12000 128 67 64;
12000 144 68 100;
13875 144 36 100;
14000 128 36 64;
14000 128 68 64;
14000 144 2 100;
14000 144 65 100;
15000 128 2 64;
16000 128 65 64;
16000 144 68 100;
18000 128 68 64;
18000 144 71 100;
19875 144 39 100;
20000 128 39 64;
20000 128 71 64;
20000 144 71 100;
21875 144 36 100;
22000 128 36 64;
22000 128 71 64;
22000 144 73 100;
24000 128 73 64;
24000 144 67 100;
25875 144 39 100;
26000 128 39 64;
26000 128 67 64;
26000 144 68 100;
27875 144 38 100;
28000 128 38 64;
28000 128 68 64;
28000 144 69 100;
29000 144 6 100;
29875 144 36 100;
30000 128 6 64;
30000 128 36 64;
30000 128 69 64;
30000 144 70 100;
32000 128 70 64;
